lh_FFJ1: 0.8337000012397766
lh_FFJ2: 0.9947999715805054
lh_FFJ3: 1.124400019645691
lh_FFJ4: -0.007199999876320362
lh_LFJ1: 0.551800012588501
lh_LFJ2: 1.2768000364303589
lh_LFJ3: 1.030400037765503
lh_LFJ4: 0.12890000641345978
lh_LFJ5: 0.0
lh_MFJ1: 0.551800012588501
lh_MFJ2: 1.139799952507019
lh_MFJ3: 1.0585999488830566
lh_MFJ4: 0.0
lh_RFJ1: 0.9143000245094299
lh_RFJ2: 1.1237000226974487
lh_RFJ3: 0.9363999962806702
lh_RFJ4: 0.0
lh_THJ1: 0.8331000208854675
lh_THJ2: 0.03579999879002571
lh_THJ3: 0.053700000047683716
lh_THJ4: 1.2216999530792236
lh_THJ5: 0.375900000333786
